35843
29253
87885
66284
95555
999
23408
95548
63305
31029
10058
44202
93827
75829
88422
57184
17003
73966
55192
6662
18000
49874
87099
65116
59081
73438
25731
92111
910522
65881
98887
958350
14590
43812
61854
69330
3199
75124
58547
67477
89721
22432
98172
40485
75176
10348
84821
27906
97653
61157
5982
44746
65650
72913
29478
24091
39649
7619
69735
29705
31798
59596
74473
47928
66898
79699
89654
13226
14940
51764
84031
92341
95551
37858
87664
34276
51022
65832
36535
87681
16689
33083
42198
98783
98059
96975
27753
22157
87328
93367
91967
85526
3498
79712
37992
69650
58064
85176
913599
995569